best_val_auPRC: 0.7374337446636797
data_processing_time: 53.2972047328949
early_stopped: true
epochs_trained: 43
test_evaluation_time: 23.914207458496094
test_metrics:
  AUC: 0.9841614374550094
  F1: 0.7186186527320232
  Precision: 0.8583446404341927
  Recall: 0.6180148495506057
  auPRC: 0.7393346587169941
  optimal_threshold: 0.5353535353535354
total_training_time: 5232.869714021683
