best_val_auPRC: 0.7542260988677537
dataset_statistics:
  test_positive: 5118
  test_positive_rate: 0.0035221590660512447
  test_samples: 1453086
  train_positive: 17925
  train_positive_rate: 0.0035079431254416704
  train_samples: 5109832
  val_positive: 2681
  val_positive_rate: 0.00374282943084836
  val_samples: 716303
model_info:
  batch_size: 1024
  dropout_rate: 0.6
  hidden_dims:
  - 64
  - 32
  input_dim: 57
  learning_rate: 0.001
  loss_function: CombinedLoss
  model_type: OptimizedEcDNA
  optimizer: AdamW
  weight_decay: 0.1
overfitting_analysis:
  overfitting_severity: low
  train_val_auPRC_gap: -0.27782641295577015
  train_val_precision_gap: -0.0724212329250663
  train_val_recall_gap: -0.3725697180999409
performance:
  test_set:
    AUC: 0.9732987578071004
    F1: 0.6867413632119514
    Precision: 0.8527536231884058
    Recall: 0.5748339194998046
    auPRC: 0.7004091789459268
    optimal_threshold: 0.05050505050505051
  training_set:
    AUC: 0.9513887436503934
    F1: 0.4965966829642412
    Precision: 0.5812387791741472
    Recall: 0.43347280334728033
    auPRC: 0.47639968591198356
    optimal_threshold: 0.9292929292929294
  validation_set:
    AUC: 0.989523680024889
    F1: 0.7218974444630032
    Precision: 0.6536600120992135
    Recall: 0.8060425214472212
    auPRC: 0.7542260988677537
    optimal_threshold: 0.030303030303030304
training_progress:
  best_epoch: 3
  data_processing_time_seconds: 47.17996001243591
  early_stopped: true
  epochs_trained: 38
  test_evaluation_time_seconds: 22.665213584899902
  total_training_time_seconds: 4514.745574712753
