best_val_auPRC: 0.768386643768458
dataset_statistics:
  test_positive: 5118
  test_positive_rate: 0.0035221590660512447
  test_samples: 1453086
  train_positive: 17925
  train_positive_rate: 0.0035079431254416704
  train_samples: 5109832
  val_positive: 2681
  val_positive_rate: 0.00374282943084836
  val_samples: 716303
model_info:
  batch_size: 1024
  dropout_rate: 0.6
  hidden_dims:
  - 64
  - 32
  input_dim: 57
  learning_rate: 0.001
  loss_function: CombinedLoss
  model_type: OptimizedEcDNA
  optimizer: AdamW
  weight_decay: 0.1
overfitting_analysis:
  overfitting_severity: low
  train_val_auPRC_gap: -0.19692790579745545
  train_val_precision_gap: -0.20818567709718439
  train_val_recall_gap: -0.1431410977710289
performance:
  test_set:
    AUC: 0.9729173217869458
    F1: 0.6247179744296816
    Precision: 0.8713286713286713
    Recall: 0.4869089488081282
    auPRC: 0.6218311420126222
    optimal_threshold: 0.11111111111111112
  training_set:
    AUC: 0.9474846915353633
    F1: 0.6057073698961717
    Precision: 0.705781934238848
    Recall: 0.5304881450488145
    auPRC: 0.5714587379710026
    optimal_threshold: 0.6767676767676768
  validation_set:
    AUC: 0.9820139087339171
    F1: 0.7756066136998068
    Precision: 0.9139676113360324
    Recall: 0.6736292428198434
    auPRC: 0.768386643768458
    optimal_threshold: 0.13131313131313133
training_progress:
  best_epoch: 63
  data_processing_time_seconds: 52.52145171165466
  early_stopped: true
  epochs_trained: 98
  test_evaluation_time_seconds: 23.008217573165894
  total_training_time_seconds: 11777.770735740662
