best_val_auPRC: 0.7948990964288718
dataset_statistics:
  test_positive: 5118
  test_positive_rate: 0.0035221590660512447
  test_samples: 1453086
  train_positive: 17925
  train_positive_rate: 0.0035079431254416704
  train_samples: 5109832
  val_positive: 2681
  val_positive_rate: 0.00374282943084836
  val_samples: 716303
model_info:
  batch_size: 512
  dropout_rate: N/A
  hidden_dims: N/A
  input_dim: N/A
  learning_rate: 0.001
  loss_function: BCEWithLogitsLoss
  model_type: Baseline
  optimizer: Adam
  weight_decay: 0.0001
overfitting_analysis:
  overfitting_severity: low
  train_val_auPRC_gap: -0.1407635431483384
  train_val_precision_gap: -0.050116429716247746
  train_val_recall_gap: -0.23616036606586882
performance:
  test_set:
    AUC: 0.9689649146439419
    F1: 0.7053980947900741
    Precision: 0.8859675036927622
    Recall: 0.5859710824540836
    auPRC: 0.7208152172265918
    optimal_threshold: 0.4040404040404041
  training_set:
    AUC: 0.9461616187075241
    F1: 0.6152753612896353
    Precision: 0.8462590349677671
    Recall: 0.483347280334728
    auPRC: 0.6541355532805334
    optimal_threshold: 0.43434343434343436
  validation_set:
    AUC: 0.9434116355852584
    F1: 0.798261949099938
    Precision: 0.8963754646840149
    Recall: 0.7195076464005968
    auPRC: 0.7948990964288718
    optimal_threshold: 0.5555555555555556
training_progress:
  best_epoch: 1
  data_processing_time_seconds: 53.22758769989014
  early_stopped: true
  epochs_trained: 11
  test_evaluation_time_seconds: 22.755316495895386
  total_training_time_seconds: 1223.641459941864
